0
0
0
0
0
0
0
0
0
0
0
0
0
0
0
0
0
0
141
244
321
372
402
420
431
441
453
472
496
522
546
568
589
610
629
644
649
641
620
589
553
517
483
454
432
416
405
398
395
395
398
404
414
428
446
466
484
501
515
525
531
534
538
539
539
538
537
537
537
538
540
541
541
540
539
536
533
531
530
531
532
536
540
547
557
568
583
597
612
626
637
645
652
657
661
662
662
660
657
653
650
648
647
647
648
650
650
648
644
638
632
627
623
619
614
609
604
598
594
590
586
583
581
580
578
576
574
572
571
571
571
571
571
571
573
575
576
576
575
574
573
573
574
576
577
574
572
570
570
572
575
577
579
579
579
578
579
579
582
584
586
587
590
594
598
598
598
598
601
606
609
609
607
604
603
601
599
596
595
593
593
594
595
594
594
595
600
606
612
618
626
636
649
666
685
702
715
725
735
743
749
752
755
758
759
757
752
746
737
727
714
700
687
676
669
663
659
656
657
664
680
701
728
760
800
844
889
929
965
995
1022
1024
1024
1024
1024
1024
1024
1024
1024
1024
1024
1022
1023
1024
1024
1023
1017
1007
992
971
941
903
863
824
786
751
721
700
685
675
670
669
669
670
671
670
670
668
669
670
673
675
677
678
680
683
687
691
692
694
695
696
695
691
687
682
678
674
670
668
669
673
677
682
688
695
702
711
720
732
742
753
765
780
794
808
821
832
838
842
843
847
852
859
864
867
868
867
868
871
876
878
879
877
875
874
873
872
869
865
861
858
857
857
859
863
871
881
890
899
905
908
911
914
919
922
924
926
932
937
942
943
942
941
943
946
949
950
952
957
964
971
974
974
975
975
978
986
994
1003
1009
1010
1008
1006
1007
1011
1015
1013
1009
1005
1003
999
987
964
931
888
834
771
706
648
601
566
544
529
521
516
514
515
520
527
538
551
567
582
595
605
612
618
621
621
619
619
622
627
635
648
667
693
724
754
777
787
789
784
768
741
701
659
621
597
581
575
574
573
571
566
557
546
536
528
522
519
515
511
504
496
486
476
471
471
478
486
496
508
522
536
548
559
566
569
566
563
560
560
562
566
572
580
587
591
596
597
599
599
598
596
596
598
601
606
610
614
616
617
618
619
621
621
620
619
619
618
617
618
619
621
624
628
633
635
635
633
629
627
627
629
630
634
641
653
667
683
696
707
715
725
735
741
742
739
738
738
739
739
738
739
744
755
772
789
811
834
860
881
896
905
911
919
928
940
957
981
1007
1024
1024
1024
1024
1024
1024
1024
1024
1024
1024
1024
1024
1015
988
961
937
917
899
885
875
871
873
879
889
901
916
934
959
992
1024
1024
1024
1024
1024
1024
1024
1024
1024
1024
1024
1024
1024
1024
1024
1024
1024
1024
1024
1024
1024
1024
1024
1024
1024
1024
1024
1024
1024
1024
1024
1024
1024
1024
1024
1024
1024
1024
1024
1024
978
811
574
342
155
56
7
0
0
0
0
0
0
0
0
0
0
14
25
38
56
76
102
132
164
199
234
270
308
337
353
368
385
397
400
399
397
395
395
395
398
402
408
416
425
435
447
458
470
482
494
505
514
522
529
534
537
540
542
542
542
541
539
537
534
530
526
522
518
514
511
507
503
499
495
491
488
486
483
481
480
478
477
475
474
472
471
471
470
469
468
467
467
466
465
465
465
464
464
464
464
463
462
461
460
458
456
455
453
451
449
447
445
443
441
440
440
440
440
441
442
444
445
448
450
454
458
462
467
473
480
487
494
502
510
518
525
531
537
542
546
548
550
549
548
545
541
537
532
527
522
517
511
506
500
495
490
485
480
475
471
466
462
458
454
451
448
445
443
441
439
438
437
436
436
436
436
436
436
436
436
436
436
437
437
437
438
438
439
440
440
441
442
443
444
445
445
446
446
446
445
445
444
442
440
438
435
432
427
421
415
408
399
388
376
361
345
327
308
288
266
244
221
198
176
155
135
117
100
83
67
53
40
30
21
13
8
3
0
0
0
0
0
0
0
0
0
0
0
0
0
0
0
0
0
0
0
0
0
0
0
0
0
0
0
0
0
0
0
0
0
0
0
0
0
0
0
0
0
0
0
0
0
0
0
0
0
0
0
0
0
0
0
0
0
0
0
0
0
0
0
0
0
0
0
0
0
0
0
0
0
0
0
0
0
0
0
0
0
0
0
0
0
0
0
0
0
0
0
0
0
0
0
19
42
68
97
128
160
193
227
263
300
339
379
406
412
412
411
411
411
412
415
418
423
427
432
437
443
449
456
463
470
477
484
490
496
502
506
510
513
516
518
520
521
521
521
520
519
518
516
515
513
512
510
509
507
506
504
503
502
501
500
499
498
497
496
496
495
494
494
494
493
492
491
490
488
486
484
482
480
478
476
474
473
472
471
470
470
470
471
472
473
474
475
476
476
477
477
477
477
477
477
476
476
475
474
474
473
472
472
472
471
471
472
472
473
474
475
476
477
479
480
482
484
485
486
487
488
489
489
489
489
488
487
486
485
484
482
481
479
478
477
475
474
473
472
471
470
469
469
468
468
467
467
467
468
468
469
470
471
473
475
476
478
480
481
483
484
486
487
488
489
490
490
490
490
491
491
491
491
491
491
490
489
488
487
486
485
483
481
480
478
477
475
473
472
471
469
468
467
466
465
464
463
462
461
460
459
457
456
454
452
450
449
447
445
444
442
441
440
439
438
437
436
435
434
432
430
428
425
422
419
415
411
407
402
396
390
384
378
371
363
356
347
339
330
322
314
306
299
294
289
286
285
286
288
293
298
305
313
321
329
338
346
354
361
367
373
377
381
384
387
390
393
396
400
403
406
409
413
416
419
421
423
425
425
426
426
425
424
424
423
423
422
423
423
425
426
429
432
435
439
443
447
450
454
456
459
461
463
464
464
464
463
462
461
459
458
456
455
454
452
451
450
450
449
449
448
448
448
448
448
447
447
447
446
445
444
442
439
436
432
428
423
418
412
407
402
397
392
388
384
382
380
378
378
378
378
379
381
382
383
384
385
386
386
386
385
385
384
382
381
380
379
378
377
377
377
377
378
380
382
385
388
392
396
400
404
408
412
416
421
425
429
433
436
439
441
443
444
445
446
447
447
447
447
447
446
445
444
443
443
442
442
443
443
443
444
445
446
447
448
448
449
450
451
452
453
454
455
456
458
460
462
464
467
469
472
474
477
480
483
485
487
488
490
491
491
492
492
493
493
493
493
492
492
492
492
492
491
491
491
491
491
490
490
490
489
489
488
488
487
486
486
485
484
482
480
478
476
474
473
471
469
466
464
462
460
457
455
453
451
449
447
444
442
439
435
432
428
424
419
414
409
403
397
391
385
378
372
365
357
349
340
331
321
311
300
290
279
268
257
247
236
226
217
209
202
195
190
186
183
181
179
179
179
181
182
184
187
190
193
197
201
206
212
217
224
230
236
241
246
249
250
248
244
238
228
216
200
180
158
135
112
90
70
51
35
22
12
4
0
0
0
0
0
0
0
0
0
0
0
0
0
0
0
0
0
0
0
0
0
0
0
0
0
0
0
0
0
0
0
0
0
0
0
0
0
0
0
0
0
0
0
0
0
0
0
0
0
0
0
0
0
0
0
0
0
0
0
0
0
0
0
21
47
77
111
148
186
226
268
311
355
400
446
477
487
488
487
485
482
480
477
475
473
471
470
469
469
469
468
468
468
468
468
468
467
467
466
466
465
464
462
461
459
458
456
454
452
450
448
446
445
443
442
440
440
439
439
440
441
443
445
448
452
457
462
468
474
481
489
496
504
511
518
524
530
536
540
544
548
550
552
553
553
553
551
550
547
544
541
537
532
526
520
514
507
500
493
486
479
472
466
461
456
452
449
446
444
443
442
442
443
444
446
448
450
453
456
459
462
466
470
474
479
484
489
494
499
505
511
516
523
529
536
542
549
557
564
572
579
586
593
599
606
612
617
622
626
629
631
631
630
628
625
621
616
611
604
596
589
581
572
564
556
549
541
534
528
521
515
510
505
500
495
492
488
485
482
480
478
476
475
474
473
473
473
474
474
475
476
477
478
479
480
480
481
482
483
483
484
484
484
483
483
482
482
481
481
480
479
479
478
477
476
476
475
475
474
474
474
473
472
471
470
469
467
466
464
462
461
459
457
456
455
454
454
455
457
459
461
463
465
466
467
469
470
472
473
474
474
474
474
473
472
472
471
472
472
473
474
475
477
479
481
483
486
489
492
495
498
500
503
506
508
510
512
513
514
514
515
515
514
514
514
514
514
513
512
511
511
511
511
511
511
511
511
511
511
511
512
512
513
514
514
514
515
515
515
515
516
516
516
517
517
517
517
518
518
518
518
518
518
518
518
518
517
517
516
515
515
515
514
514
513
513
513
513
513
513
513
513
513
513
513
513
513
512
512
511
511
510
509
508
507
506
505
503
502
501
499
498
496
493
491
488
485
482
478
474
471
467
464
461
457
455
452
451
449
448
448
448
449
449
450
451
452
453
454
455
456
457
458
459
459
460
460
460
460
460
460
459
459
459
459
459
459
460
461
463
464
466
469
471
474
477
480
483
486
488
491
493
495
496
497
497
497
497
496
495
495
494
493
492
492
491
491
491
491
491
492
492
493
494
495
496
496
497
497
497
497
497
497
497
496
495
494
492
490
488
486
484
482
479
477
474
471
468
466
463
461
459
457
456
454
453
452
452
451
451
451
451
450
450
450
450
450
450
450
450
450
449
449
448
448
448
447
447
447
447
448
448
450
451
453
454
456
459
461
464
467
469
472
475
477
479
481
482
484
485
485
486
486
486
486
486
486
486
486
488
490
492
495
499
503
507
511
515
519
523
528
532
536
539
542
544
545
546
548
549
550
552
553
555
557
559
562
564
567
570
573
577
580
583
586
589
592
595
598
600
602
604
606
607
608
609
609
610
610
610
610
610
610
610
610
610
610
610
609
609
609
609
608
608
607
606
605
603
602
599
597
594
590
586
581
576
570
564
558
551
544
538
531
524
518
511
505
500
495
491
487
484
481
478
476
474
473
472
471
470
470
469
468
467
467
466
466
465
464
464
463
463
462
461
461
460
460
460
459
459
459
459
459
460
460
460
461
461
462
463
464
465
466
466
467
468
469
469
469
470
470
470
470
469
469
468
467
466
465
464
462
461
460
458
457
455
454
452
450
448
447
445
443
441
440
437
434
430
425
419
410
399
383
363
338
308
274
238
203
169
137
107
80
55
34
18
6
0
0
0
0
0
0
0
0
0
0
0
0
0
0
0
0
0
0
0
0
0
0
0
0
0
0
0
0
0
0
0
0
0
0
0
0
27
57
92
130
171
214
259
304
349
395
442
488
518
523
516
508
498
488
478
469
461
454
448
444
440
438
436
436
436
438
440
443
447
451
455
459
464
469
473
478
482
487
490
493
496
497
498
499
499
498
497
495
494
492
490
489
489
489
489
490
491
494
496
499
503
507
511
516
520
525
529
533
536
540
543
546
548
551
553
555
556
557
558
559
559
559
558
556
554
550
546
542
536
530
524
518
511
505
498
492
486
481
477
473
470
467
463
460
456
451
447
443
439
434
430
426
421
417
414
410
407
406
404
404
403
403
403
404
404
406
407
410
413
417
421
426
431
437
443
449
455
461
466
472
476
480
482
484
485
485
484
484
482
480
477
474
471
467
462
458
453
448
443
438
434
429
425
421
417
415
413
413
413
414
416
419
422
425
429
432
435
438
441
443
444
445
445
444
444
442
441
440
438
437
436
435
435
435
436
438
440
444
447
452
457
463
469
475
482
490
497
504
512
519
525
532
538
544
549
553
557
561
564
567
568
570
571
572
573
574
574
574
574
573
574
574
575
576
577
578
579
581
582
584
585
587
589
590
592
593
594
595
595
594
593
591
589
587
584
581
578
575
572
568
565
562
559
557
555
553
552
551
550
549
549
549
549
550
550
551
552
553
554
555
556
558
559
561
562
563
564
565
565
566
565
565
564
563
561
558
555
551
546
541
535
529
523
517
511
506
501
496
492
489
487
486
485
486
487
489
491
493
496
498
500
502
503
505
506
507
508
508
509
509
508
508
508
507
506
505
505
503
502
501
500
499
498
497
495
494
493
492
491
490
489
488
487
487
486
485
484
483
483
483
484
484
486
487
489
490
492
494
497
499
502
504
506
508
509
510
511
511
511
510
510
509
507
505
503
500
497
495
492
489
486
483
480
477
474
472
470
469
468
468
468
468
469
470
472
474
476
478
481
483
485
487
489
491
493
494
495
495
495
495
495
495
495
495
495
495
495
495
494
494
495
495
495
495
495
495
495
495
496
496
496
496
497
497
498
499
501
503
505
509
512
516
520
525
530
535
539
544
549
553
557
560
562
564
566
567
568
569
569
569
569
569
567
565
563
560
558
555
553
550
548
545
543
541
540
539
538
538
539
540
541
542
543
544
545
546
546
546
546
546
546
545
545
544
544
543
542
541
539
538
537
537
536
536
536
536
536
537
538
539
541
543
545
548
550
553
555
558
560
563
565
567
569
570
572
573
574
574
575
577
578
580
581
583
585
587
589
591
593
596
598
600
601
603
604
605
606
607
608
609
611
613
616
619
622
625
628
631
634
637
640
642
645
647
648
649
651
651
651
650
650
649
649
648
648
648
648
648
647
646
645
645
644
645
645
645
646
646
646
647
647
647
648
649
649
650
650
649
648
647
646
644
641
638
634
630
626
621
617
612
607
603
599
596
594
592
590
590
589
589
590
591
593
594
596
598
600
602
603
605
606
608
608
609
609
608
607
606
603
601
598
594
590
585
580
574
568
561
555
549
543
538
533
530
528
526
527
529
532
537
543
550
558
566
575
583
592
600
608
614
620
624
626
627
627
626
624
621
617
613
609
605
600
597
593
590
589
588
589
590
593
596
600
604
609
614
619
624
630
634
639
642
645
647
649
649
649
648
646
643
639
634
628
622
615
608
601
594
587
581
576
572
569
568
568
569
572
576
581
586
592
598
604
609
614
618
621
622
622
621
619
616
612
607
602
596
591
585
580
575
570
566
562
559
556
555
554
555
556
558
561
565
568
573
577
582
586
590
594
597
599
601
601
600
598
594
591
587
583
578
574
569
565
561
557
554
551
549
548
547
546
546
545
545
545
545
544
544
544
544
544
543
543
543
543
543
544
544
544
544
544
544
545
545
545
545
545
545
545
545
545
544
544
542
541
539
537
535
532
528
524
520
516
511
505
500
494
489
484
479
475
471
468
465
463
461
460
460
461
463
465
468
471
474
478
482
486
490
494
498
502
505
509
512
514
517
519
522
524
526
527
529
530
532
533
534
536
537
537
538
539
540
540
541
541
541
541
541
541
541
541
540
540
540
540
540
540
540
540
540
541
541
542
543
544
545
547
548
549
550
552
553
554
555
555
554
553
550
546
541
535
529
522
515
508
501
494
486
480
474
470
466
464
463
463
463
464
466
467
469
471
472
474
475
477
478
479
480
481
481
482
482
483
483
484
485
486
488
490
492
495
498
501
505
509
513
518
522
527
531
535
539
542
544
546
548
548
549
548
548
546
545
543
541
539
538
536
535
534
534
533
533
533
533
534
534
535
536
536
537
537
537
538
538
538
539
539
539
540
540
541
542
542
543
543
544
544
544
544
544
544
543
543
542
541
540
539
538
537
536
535
534
533
532
531
530
529
529
527
526
524
523
520
518
515
513
510
507
505
502
499
497
494
492
490
489
487
487
486
486
487
487
488
490
492
494
497
500
503
507
510
513
516
519
522
524
526
528
529
529
529
528
527
526
525
524
523
522
520
519
518
518
517
517
517
517
517
517
518
518
519
519
520
520
520
521
521
521
521
521
521
521
521
522
522
524
525
528
530
533
536
538
541
544
547
550
552
554
555
555
554
552
550
548
545
542
538
535
531
528
524
522
519
517
515
513
512
512
512
512
513
514
514
515
516
517
518
519
518
516
514
511
507
502
497
490
483
475
468
460
453
447
442
439
437
436
436
438
440
444
448
453
459
464
469
474
477
481
483
483
483
482
480
479
477
475
473
470
468
466
464
464
465
466
469
472
475
478
482
486
490
495
501
508
514
520
526
531
536
541
546
551
555
560
563
566
568
570
571
571
570
571
571
571
572
571
570
569
568
566
565
565
564
565
565
566
566
566
567
568
569
572
574
576
578
579
580
580
581
582
583
584
586
588
590
593
595
597
599
601
603
605
606
606
606
605
602
599
595
591
586
581
575
570
564
559
553
548
543
537
533
529
524
521
518
516
513
512
510
509
509
508
508
509
509
510
511
512
513
514
515
516
517
518
519
520
521
522
523
523
524
524
524
524
524
524
524
524
524
524
523
523
523
523
523
524
524
524
524
524
525
525
525
525
524
524
523
522
521
520
518
516
515
513
512
511
511
510
510
510
511
511
512
514
516
518
520
522
524
527
529
530
532
534
535
536
536
536
536
536
534
532
530
528
525
523
520
518
516
513
511
509
507
505
504
504
505
506
507
509
511
514
517
521
525
530
534
539
543
546
549
551
553
555
556
557
557
557
557
556
556
556
555
555
555
555
555
555
555
555
556
556
556
556
556
556
556
556
556
556
555
555
555
554
554
554
554
554
555
555
555
555
556
556
557
557
557
556
555
554
553
551
549
548
546
544
542
540
538
536
535
534
533
532
532
531
531
532
532
533
533
534
534
535
535
536
536
537
537
537
537
537
536
536
534
533
532
530
529
528
526
524
523
521
520
519
517
517
516
515
514
513
512
510
509
507
504
502
499
496
492
489
486
482
480
477
475
474
473
472
473
473
475
477
480
483
487
490
494
498
501
505
508
511
513
516
517
519
520
521
521
521
521
521
521
521
521
521
521
521
520
521
521
521
521
522
522
522
523
523
524
524
524
524
525
525
525
525
525
525
525
525
525
526
526
527
528
529
531
533
534
536
538
540
542
545
547
549
550
552
553
554
554
554
554
553
551
549
546
543
539
535
531
526
522
517
513
509
506
503
501
500
500
500
501
502
503
504
504
505
505
505
506
505
505
504
503
503
502
501
500
499
499
499
499
499
498
498
498
497
497
496
495
494
494
493
492
491
490
489
488
488
487
486
486
485
485
484
484
484
483
483
483
483
482
482
481
481
481
480
480
480
480
480
480
480
480
480
479
480
480
481
481
482
483
484
485
486
487
488
489
491
493
494
496
497
498
499
500
501
501
502
502
502
502
501
500
498
496
494
491
488
486
482
478
474
470
466
462
459
456
454
451
449
448
446
446
445
446
446
447
449
450
452
454
456
458
461
464
466
469
472
475
478
481
484
488
491
495
499
503
507
510
514
517
520
522
524
526
526
526
525
523
520
517
513
509
504
500
495
491
487
482
479
475
472
470
468
466
465
464
464
464
463
463
463
463
463
463
463
463
464
464
465
466
467
468
470
471
473
474
477
479
482
485
488
491
495
498
502
505
508
511
515
517
520
522
524
526
527
528
528
528
528
528
528
528
528
527
527
526
526
525
525
524
525
525
525
526
527
528
530
532
534
536
538
541
543
545
547
549
550
551
552
553
553
553
553
552
552
551
551
550
549
548
546
545
544
542
540
538
536
534
532
530
529
527
525
524
522
521
520
519
519
518
518
518
518
518
517
517
517
517
518
518
518
518
518
519
519
519
519
519
519
518
518
518
517
516
515
514
512
511
509
508
507
506
505
504
503
503
503
503
503
503
504
505
506
508
509
510
511
512
513
514
515
516
517
518
519
520
520
520
520
521
521
522
523
523
524
524
525
526
527
528
530
531
534
536
539
542
545
549
553
557
562
567
572
577
582
587
592
597
602
607
612
616
620
623
626
629
632
633
634
634
634
633
631
629
626
624
621
617
613
609
606
603
600
597
595
594
592
592
592
593
595
598
601
605
609
613
617
621
625
628
632
635
637
638
639
639
638
638
637
635
634
632
631
630
628
627
627
627
627
628
629
630
632
633
635
637
639
641
643
645
646
647
648
648
647
646
645
643
641
639
637
634
632
629
627
625
623
621
620
619
618
618
618
618
618
618
618
619
619
619
620
620
620
620
620
620
620
619
619
619
618
617
617
616
615
615
614
614
613
613
612
612
611
610
609
607
605
603
600
597
594
590
587
583
579
576
572
569
567
565
563
562
561
560
560
560
560
560
560
559
558
556
555
552
550
547
545
542
539
536
533
530
526
522
519
515
513
510
507
505
502
500
498
497
496
497
497
499
501
504
507
510
513
516
519
522
524
527
529
531
532
533
533
534
534
533
533
533
532
531
530
529
528
527
526
524
523
522
520
519
518
517
516
515
514
513
512
511
510
510
510
511
512
513
514
515
517
518
520
522
524
526
527
526
524
521
516
509
500
489
475
457
435
407
372
333
292
251
211
173
138
106
78
52
31
14
3
0
0
0
0
0
0
0
0
0
0
0
0
0
0
0
0
0
0
0
0
0
0
0
0
0
0
0
0
0
0
0
0
0
0
0
0
0
0
0
0
0
0
0
0
0
0
13
32
56
84
116
151
188
227
268
310
355
400
435
452
462
471
477
479
480
480
479
477
476
474
472
470
468
466
464
462
460
459
458
457
456
456
455
454
453
453
453
453
454
455
456
457
459
460
462
464
465
467
469
470
471
473
473
474
474
475
475
475
475
475
475
475
474
473
472
471
469
467
465
462
459
456
454
451
448
446
444
442
441
440
439
438
438
438
438
438
437
436
435
432
427
421
409
393
371
343
311
275
239
203
168
135
104
76
51
30
14
3
0
0
0
0
0
0
0
0
0
0
0
0
